0 1.50 1.02 0.64
1 1.01 0.88 0.69
2 0.81 0.97 0.69
3 0.70 0.81 0.72
4 0.62 0.65 0.77
5 0.57 0.68 0.78
6 0.52 0.80 0.73
7 0.50 0.76 0.76
8 0.46 1.06 0.70
9 0.43 0.62 0.81
10 0.38 0.49 0.83
11 0.35 0.74 0.77
12 0.33 0.45 0.85
13 0.31 0.43 0.86
14 0.29 0.55 0.84
15 0.27 0.45 0.85
16 0.26 0.61 0.82
17 0.25 0.36 0.89
18 0.23 0.47 0.85
19 0.22 0.52 0.84
20 0.21 0.41 0.87
21 0.20 0.52 0.85
22 0.19 0.38 0.89
23 0.17 0.36 0.89
24 0.16 0.37 0.88
25 0.15 0.37 0.89
26 0.14 0.31 0.90
27 0.12 0.31 0.91
28 0.09 0.33 0.91
29 0.08 0.31 0.91
30 0.07 0.32 0.91
31 0.06 0.28 0.92
32 0.04 0.29 0.92
33 0.03 0.26 0.93
34 0.02 0.27 0.93
35 0.02 0.26 0.93
36 0.01 0.26 0.93
37 0.01 0.26 0.93
38 0.01 0.26 0.93
39 0.01 0.26 0.94
