0 1.52 1.16 0.58
1 1.07 0.96 0.67
2 0.90 0.85 0.70
3 0.78 1.02 0.67
4 0.71 0.81 0.73
5 0.67 0.78 0.74
6 0.62 0.96 0.69
7 0.59 0.75 0.75
8 0.54 0.65 0.77
9 0.52 0.67 0.78
10 0.49 0.58 0.80
11 0.46 0.66 0.78
12 0.43 0.56 0.81
13 0.42 0.63 0.80
14 0.39 0.61 0.81
15 0.38 0.50 0.84
16 0.36 0.53 0.83
17 0.35 0.50 0.83
18 0.34 0.61 0.81
19 0.32 0.41 0.86
20 0.31 0.47 0.84
21 0.29 0.42 0.86
22 0.28 0.47 0.85
23 0.26 0.51 0.85
24 0.25 0.44 0.86
25 0.23 0.42 0.86
26 0.22 0.45 0.86
27 0.19 0.38 0.88
28 0.18 0.36 0.89
29 0.15 0.35 0.89
30 0.13 0.34 0.89
31 0.11 0.35 0.90
32 0.10 0.33 0.91
33 0.08 0.35 0.90
34 0.06 0.35 0.90
35 0.05 0.34 0.91
36 0.04 0.34 0.91
37 0.03 0.34 0.91
38 0.03 0.34 0.91
39 0.03 0.34 0.91
