0 2.20 1.20 0.6791 0.8991
1 1.47 1.01 0.7268 0.9240
2 1.29 0.89 0.7558 0.9364
3 1.17 0.83 0.7718 0.9431
4 1.09 0.82 0.7724 0.9431
5 1.02 0.78 0.7868 0.9460
6 0.96 0.77 0.7894 0.9479
7 0.91 0.75 0.7961 0.9493
8 0.74 0.65 0.8226 0.9602
9 0.69 0.65 0.8226 0.9601
10 0.66 0.63 0.8234 0.9605
11 0.63 0.63 0.8260 0.9617
12 0.62 0.63 0.8263 0.9611
13 0.60 0.63 0.8254 0.9612
14 0.59 0.64 0.8254 0.9609
15 0.57 0.64 0.8260 0.9607
16 0.52 0.62 0.8299 0.9627
17 0.52 0.62 0.8301 0.9630
18 0.51 0.62 0.8294 0.9632
19 0.50 0.62 0.8303 0.9632
20 0.50 0.62 0.8318 0.9630
21 0.49 0.62 0.8297 0.9619
22 0.49 0.61 0.8326 0.9640
23 0.49 0.62 0.8318 0.9630
24 0.47 0.62 0.8307 0.9625
25 0.48 0.61 0.8339 0.9638
26 0.48 0.62 0.8323 0.9629
27 0.47 0.62 0.8331 0.9634
28 0.47 0.62 0.8329 0.9636
29 0.47 0.61 0.8332 0.9638
30 0.47 0.62 0.8316 0.9632
31 0.47 0.61 0.8339 0.9639
32 0.47 0.62 0.8314 0.9631
33 0.47 0.61 0.8348 0.9639
34 0.47 0.62 0.8334 0.9637
35 0.46 0.61 0.8346 0.9639
36 0.47 0.61 0.8342 0.9633
37 0.46 0.61 0.8340 0.9635
38 0.46 0.61 0.8341 0.9637
39 0.46 0.62 0.8320 0.9631
